=== indeed_ai_share.csv (AI_posting.csv) ===
rows: 24921, countries: ['AU', 'CA', 'DE', 'FR', 'GB', 'IE', 'IT', 'NL', 'US']

--- cleaning pass: ai_share ---
  missing values:
    none
  date gaps: 0 missing D steps across 0 of 9 series (a missing month/day here is distinct from a null value in a present row)
  duplicates: 0 exact duplicate rows dropped; 0 keys have conflicting values across rows (NOT dropped, needs a decision)
  outliers (ai_share_postings): 662 rows flagged across 9 series (|z|>3 computed per series, not pooled)
    per-series min/p1/p99/max:
                 min        p1        p99        max
jobcountry                                          
AU          2.009652  2.046848   7.508105   7.703963
CA          1.482009  1.520083  17.889420  18.118170
DE          1.724902  1.746877   5.203863   5.441689
FR          1.533231  1.550711   4.114381   4.244499
GB          1.692230  1.740289   9.321490   9.479416
IE          3.234561  3.299701  14.457473  14.806915
IT          1.999810  2.035333   4.559519   4.871782
NL          1.690671  1.743143   3.324654   3.413509
US          1.461597  1.492459   6.032874   6.284639
    10 most extreme ai_share_postings values:
      date jobcountry  ai_share_postings   z
2026-07-14         CA          18.118170 4.0
2026-07-13         CA          18.115110 4.0
2026-07-15         CA          18.104704 3.9
2026-07-12         CA          18.090220 3.9
2026-07-16         CA          18.085353 3.9
2026-07-11         CA          18.069663 3.9
2026-07-17         CA          18.056027 3.9
2026-07-03         CA          18.049437 3.9
2026-07-10         CA          18.045146 3.9
2026-07-31         CA          18.041158 3.9
  range check (ai_share_postings outside [0, 100] -- this is a % share, not the Feb2020=100 index): 0 rows flagged

=== indeed_national.csv (aggregate_job_postings_US.csv) -- NOT in requested outputs, kept anyway ===

--- cleaning pass: national ---
  missing values:
    none
  date gaps: 0 missing D steps across 0 of 2 series (a missing month/day here is distinct from a null value in a present row)
  duplicates: 0 exact duplicate rows dropped; 0 keys have conflicting values across rows (NOT dropped, needs a decision)
  outliers (indeed_job_postings_index_sa): 0 rows flagged across 2 series (|z|>3 computed per series, not pooled)
    per-series min/p1/p99/max:
                  min     p1     p99     max
variable                                    
new postings    35.97  46.92  181.83  186.22
total postings  61.82  63.33  160.57  161.15
    10 most extreme indeed_job_postings_index_sa values:
      date     variable  indeed_job_postings_index_sa    z
2020-04-08 new postings                         35.97 -3.0
2020-04-09 new postings                         36.20 -3.0
2020-04-07 new postings                         36.49 -3.0
2020-04-10 new postings                         36.88 -3.0
2020-04-11 new postings                         38.56 -2.9
2020-04-06 new postings                         38.70 -2.9
2020-04-12 new postings                         40.67 -2.8
2020-04-05 new postings                         40.86 -2.8
2020-04-13 new postings                         42.91 -2.8
2020-04-04 new postings                         42.94 -2.8
  outliers (indeed_job_postings_index_nsa): 0 rows flagged across 2 series (|z|>3 computed per series, not pooled)
    per-series min/p1/p99/max:
                  min     p1     p99     max
variable                                    
new postings    47.05  52.52  190.98  198.30
total postings  65.27  66.89  166.75  167.34
    10 most extreme indeed_job_postings_index_nsa values:
      date     variable  indeed_job_postings_index_nsa    z
2020-04-07 new postings                          47.05 -2.5
2020-04-06 new postings                          47.71 -2.5
2020-04-21 new postings                          47.77 -2.5
2020-04-08 new postings                          48.01 -2.5
2020-04-22 new postings                          48.37 -2.5
2020-04-20 new postings                          48.40 -2.5
2020-04-09 new postings                          48.54 -2.5
2020-04-05 new postings                          48.59 -2.5
2020-04-23 new postings                          49.00 -2.5
2020-04-19 new postings                          49.33 -2.5
  range check (indeed_job_postings_index_sa outside [0, 500] -- Feb2020=100 index): 0 rows flagged
  range check (indeed_job_postings_index_nsa outside [0, 500] -- Feb2020=100 index): 0 rows flagged

=== indeed_sector.csv (job_postings_by_sector_US.csv) ===
variable breakdown (both kept): 'total postings'=112847, 'new postings'=112847
sectors found: 47 (brief specifies 44)
  NOTE: named ai_exposed in the brief but absent from this data: ['Information Design & Documentation']
full sector -> group assignment (edit SECTOR_GROUP to move any):
  [   control] Accounting
  [   control] Administrative Assistance
  [   control] Architecture
  [   control] Arts & Entertainment
  [   control] Aviation
  [   control] Banking & Finance
  [   control] Childcare
  [   control] Civil Engineering
  [   control] Cleaning & Sanitation
  [   control] Community & Social Service
  [   control] Construction
  [   control] Customer Service
  [ai_exposed] Data & Analytics
  [   control] Dental
  [   control] Driving
  [   control] Education & Instruction
  [   control] Electrical Engineering
  [   control] Food Preparation & Service
  [   control] Hospitality & Tourism
  [   control] Human Resources
  [   control] IT Infrastructure, Operations & Support
  [ai_exposed] IT Systems & Solutions
  [   control] Industrial Engineering
  [   control] Installation & Maintenance
  [   control] Insurance
  [   control] Legal
  [   control] Loading & Stocking
  [   control] Logistic Support
  [   control] Management
  [   control] Marketing
  [   control] Mechanical Engineering
  [   control] Media & Communications
  [   control] Medical Information
  [   control] Medical Technician
  [   control] Nursing
  [   control] Personal Care & Home Health
  [   control] Pharmacy
  [   control] Physicians & Surgeons
  [   control] Production & Manufacturing
  [   control] Project Management
  [   control] Retail
  [   control] Sales
  [   control] Scientific Research & Development
  [   control] Security & Public Safety
  [   control] Social Science
  [ai_exposed] Software Development
  [   control] Therapy

--- cleaning pass: sector ---
  missing values:
    none
  date gaps: 0 missing D steps across 0 of 94 series (a missing month/day here is distinct from a null value in a present row)
  duplicates: 0 exact duplicate rows dropped; 0 keys have conflicting values across rows (NOT dropped, needs a decision)
  outliers (indeed_job_postings_index): 583 rows flagged across 94 series (|z|>3 computed per series, not pooled)
    per-series min/p1/p99/max:
                                                          min     p1     p99     max
display_name                            variable                                    
Accounting                              new postings    32.25  39.34  241.69  340.29
                                        total postings  57.70  59.54  209.44  213.72
Administrative Assistance               new postings    25.99  29.97  175.50  195.14
                                        total postings  51.88  53.22  183.66  184.87
Architecture                            new postings    27.93  30.87  172.72  188.05
                                        total postings  52.40  53.67  167.90  169.90
Arts & Entertainment                    new postings    18.46  23.17  177.29  227.85
                                        total postings  48.17  50.23  152.91  155.22
Aviation                                new postings    39.92  48.12  447.43  531.33
                                        total postings  56.86  58.47  173.09  182.43
Banking & Finance                       new postings    35.51  40.79  170.95  194.83
                                        total postings  54.14  55.65  188.28  190.21
Childcare                               new postings     6.62  16.72  170.58  177.64
                                        total postings  34.57  36.53  165.36  168.28
Civil Engineering                       new postings    36.81  46.73  209.71  244.25
                                        total postings  65.86  67.53  200.70  204.79
Cleaning & Sanitation                   new postings    39.73  44.54  200.85  205.90
                                        total postings  54.17  57.09  170.71  171.77
Community & Social Service              new postings    45.01  49.28  172.36  181.32
                                        total postings  62.87  65.44  164.88  166.06
Construction                            new postings    36.82  46.47  191.53  206.08
                                        total postings  60.82  64.52  172.65  174.72
Customer Service                        new postings    27.74  36.67  195.33  220.01
                                        total postings  55.48  57.70  141.29  143.96
Data & Analytics                        new postings    43.11  46.48  196.37  203.51
                                        total postings  55.13  56.77  200.06  202.69
Dental                                  new postings     2.72  17.07  198.79  226.40
                                        total postings  34.67  39.68  179.30  181.90
Driving                                 new postings    38.99  61.66  204.60  269.38
                                        total postings  68.62  75.57  145.38  147.90
Education & Instruction                 new postings    32.16  34.45  171.87  182.93
                                        total postings  61.51  65.47  164.67  165.65
Electrical Engineering                  new postings    48.01  52.23  196.76  216.51
                                        total postings  64.95  67.10  184.64  185.50
Food Preparation & Service              new postings    13.52  30.74  191.95  197.58
                                        total postings  51.09  54.19  140.96  143.29
Hospitality & Tourism                   new postings     7.58  16.79  160.09  191.23
                                        total postings  29.31  32.05  140.64  142.39
Human Resources                         new postings    28.65  33.06  244.83  253.15
                                        total postings  42.94  45.33  240.45  243.27
IT Infrastructure, Operations & Support new postings    46.77  50.92  171.11  178.95
                                        total postings  63.65  64.00  158.49  159.30
IT Systems & Solutions                  new postings    48.44  50.39  198.26  251.67
                                        total postings  56.62  58.60  195.78  197.28
Industrial Engineering                  new postings    50.26  55.86  196.52  202.77
                                        total postings  65.55  66.98  193.43  195.57
Installation & Maintenance              new postings    36.99  45.75  178.05  183.83
                                        total postings  58.58  60.94  156.93  157.73
Insurance                               new postings    43.27  50.78  176.62  189.56
                                        total postings  64.24  66.91  178.09  179.31
Legal                                   new postings    27.62  32.96  186.57  196.15
                                        total postings  50.42  51.83  182.61  185.97
Loading & Stocking                      new postings    29.61  41.19  211.85  225.92
                                        total postings  59.70  62.45  193.50  195.60
Logistic Support                        new postings    10.37  40.48  235.59  246.39
                                        total postings  48.21  51.01  216.43  219.16
Management                              new postings    43.34  63.21  202.11  213.34
                                        total postings  64.57  66.54  148.17  148.79
Marketing                               new postings    25.08  31.77  180.83  189.31
                                        total postings  43.89  44.99  184.47  185.96
Mechanical Engineering                  new postings    44.43  49.54  194.25  204.25
                                        total postings  64.00  66.40  188.45  189.75
Media & Communications                  new postings    18.61  29.40  157.98  171.56
                                        total postings  49.99  51.57  171.00  172.79
Medical Information                     new postings    25.38  30.32  174.02  229.41
                                        total postings  49.32  51.77  190.49  192.32
Medical Technician                      new postings    40.51  44.53  195.13  201.46
                                        total postings  58.31  60.67  188.33  190.36
Nursing                                 new postings    70.60  74.78  193.36  197.55
                                        total postings  74.23  76.03  175.31  177.49
Personal Care & Home Health             new postings    78.65  85.58  236.06  251.54
                                        total postings  85.43  86.25  184.27  185.92
Pharmacy                                new postings    49.00  60.37  263.89  298.77
                                        total postings  75.12  76.08  187.13  188.57
Physicians & Surgeons                   new postings    59.06  63.62  247.49  258.07
                                        total postings  76.13  77.21  194.37  197.62
Production & Manufacturing              new postings    46.35  54.93  225.46  235.64
                                        total postings  64.06  65.75  201.63  202.16
Project Management                      new postings    43.57  47.29  198.78  202.61
                                        total postings  59.55  61.12  188.73  189.52
Retail                                  new postings    34.34  51.29  196.44  208.50
                                        total postings  60.65  64.34  139.13  148.21
Sales                                   new postings    28.52  37.71  160.29  177.35
                                        total postings  49.18  51.52  135.11  135.76
Scientific Research & Development       new postings    44.61  49.36  184.17  190.64
                                        total postings  61.71  65.15  185.51  189.85
Security & Public Safety                new postings    42.45  63.98  263.37  299.04
                                        total postings  73.51  74.46  175.24  176.91
Social Science                          new postings    37.35  49.21  210.10  230.41
                                        total postings  64.13  66.11  188.69  189.98
Software Development                    new postings    57.69  61.74  237.65  250.42
                                        total postings  61.12  62.43  229.83  233.84
Therapy                                 new postings    35.29  37.45  242.06  257.90
                                        total postings  50.05  51.48  190.15  192.01
    10 most extreme indeed_job_postings_index values:
      date display_name     variable  indeed_job_postings_index    z
2021-01-14   Accounting new postings                     340.29  5.4
2021-01-13   Accounting new postings                     323.92  5.0
2020-04-10       Dental new postings                       2.72 -4.7
2020-04-09       Dental new postings                       2.74 -4.7
2020-04-08       Dental new postings                       2.81 -4.7
2023-10-03     Aviation new postings                     531.33  4.7
2020-04-07       Dental new postings                       3.47 -4.7
2020-04-11       Dental new postings                       3.54 -4.7
2020-04-06       Dental new postings                       4.31 -4.7
2020-04-12       Dental new postings                       4.97 -4.7
  range check (indeed_job_postings_index outside [0, 500] -- Feb2020=100 index): 6 rows flagged
NOTE: index is relative to Feb 2020 = 100 -- comparable across sectors/geographies over time, but NOT a count of postings.

=== indeed_metro.csv (metro_job_postings_us.csv) ===
metro split into metro_name/metro_state, e.g. 'Abilene, TX' -> ('Abilene', 'TX')

--- cleaning pass: metro ---
  missing values:
    none
  date gaps: 0 missing D steps across 0 of 593 series (a missing month/day here is distinct from a null value in a present row)
  duplicates: 0 exact duplicate rows dropped; 0 keys have conflicting values across rows (NOT dropped, needs a decision)
  outliers (indeed_job_postings_index): 7538 rows flagged across 593 series (|z|>3 computed per series, not pooled)
    per-series min/p1/p99/max:
             min     p1     p99     max
cbsa_code                              
10180      60.18  62.88  145.86  148.03
10300      58.42  61.53  164.75  166.93
10420      60.00  62.55  154.64  155.56
10460      63.57  65.79  134.99  141.28
10500      74.09  75.98  147.83  152.75
10540      73.06  74.41  183.50  189.66
10580      61.16  64.18  158.61  159.55
10620      70.13  78.95  238.68  242.32
10700      70.74  76.03  164.79  167.70
10740      58.75  60.47  171.65  173.22
10780      66.32  68.77  142.57  146.06
10900      66.38  67.26  157.72  158.52
11020      67.86  70.10  162.82  164.43
11100      60.46  67.30  161.48  163.56
11180      66.41  67.35  157.69  160.22
11260      65.22  66.13  193.07  194.81
11460      54.17  57.28  141.67  144.50
11500      69.74  71.15  140.53  145.26
11540      61.08  62.62  149.33  151.40
11620      52.91  59.79  137.82  140.38
11700      56.44  59.13  178.24  181.88
11780      63.32  69.40  147.07  150.65
11820      44.60  46.23  174.20  181.47
11900      49.59  53.93  162.14  163.77
12020      62.28  65.88  166.46  168.99
12060      56.90  59.34  181.21  182.91
12100      47.51  49.22  145.10  146.11
12180      65.84  69.09  142.84  146.17
12220      67.47  71.27  169.31  171.93
12260      72.90  76.48  158.96  160.95
12300      62.67  64.72  186.75  190.60
12420      55.94  57.61  191.78  193.17
12540      67.16  69.02  153.37  156.51
12580      68.39  69.27  144.63  145.61
12620      62.07  70.51  175.88  176.57
12660      57.39  60.20  164.40  168.63
12700      52.35  54.51  156.83  161.24
12740      54.42  57.99  211.31  215.68
12860      33.57  36.55   99.07  102.34
12940      62.59  65.56  153.79  156.21
12980      62.33  67.28  175.51  177.83
13020      71.68  74.61  160.12  163.21
13140      65.30  67.30  132.79  136.86
13180      59.12  62.47  226.77  239.22
13220      65.28  69.71  170.08  172.32
13380      57.54  60.09  171.27  173.71
13420      69.51  71.14  175.43  181.91
13460      44.33  46.83  192.79  194.58
13540      56.60  57.80  174.37  180.88
13740      62.62  65.25  173.83  175.54
13780      69.35  71.79  154.97  155.97
13820      59.23  61.28  159.87  161.04
13900      70.58  71.95  188.69  192.02
13980      63.21  65.23  150.67  153.29
14010      64.54  66.55  152.28  154.67
14020      59.46  61.56  175.39  178.16
14100      51.07  58.60  150.11  151.60
14140      67.81  68.59  142.60  145.23
14260      58.73  61.71  195.92  196.66
14380      55.77  59.39  176.46  178.17
14460      54.44  56.81  152.16  153.53
14500      56.27  57.39  141.35  144.57
14540      61.16  64.47  168.19  171.63
14580      47.29  48.59  199.72  202.76
14660      58.10  62.89  158.40  161.10
14700      31.91  38.02  153.87  159.50
14720      41.86  46.10  135.48  141.08
14740      62.55  64.88  141.47  145.17
14780      56.80  60.28  133.06  138.08
14860      59.14  61.27  167.64  173.18
15180      69.06  72.76  146.55  147.87
15260      50.35  55.39  166.20  167.44
15380      57.93  58.98  162.37  164.02
15500      58.04  62.16  165.36  169.76
15540      54.48  56.69  171.95  173.61
15660      55.20  57.90  192.44  199.36
15680      71.37  72.80  143.78  146.41
15940      60.22  62.49  158.02  159.91
15980      56.96  61.70  156.10  157.43
16020      65.23  71.77  184.88  186.44
16060      68.85  70.34  229.57  307.51
16100      57.30  60.00  140.66  144.77
16180      68.85  70.85  175.22  177.10
16220      57.74  62.93  152.73  154.76
16300      65.19  67.52  164.42  165.87
16500      66.97  68.31  148.17  151.97
16540      66.50  68.41  166.29  171.47
16580      55.44  57.56  134.60  136.49
16620      72.22  74.80  192.45  200.65
16660      77.95  79.69  160.49  163.57
16700      54.21  58.05  164.04  169.37
16740      59.91  61.99  173.53  175.90
16820      50.40  52.23  157.07  160.50
16860      61.58  64.27  169.03  170.30
16940      67.48  70.37  152.01  156.73
16980      57.20  57.98  154.28  156.58
17020      65.96  66.87  170.34  172.16
17060      64.19  66.48  152.25  158.86
17140      59.71  61.24  151.89  154.53
17220      59.59  61.83  148.16  152.59
17300      68.58  71.45  150.87  151.96
17420      70.95  76.15  197.75  201.48
17460      62.26  63.57  160.54  161.91
17540      76.34  83.45  170.81  172.59
17580      61.98  66.04  114.79  124.50
17660      45.36  51.67  206.31  208.69
17780      56.75  59.83  163.98  165.67
17820      60.70  62.05  143.19  156.18
17860      66.04  68.95  143.51  144.67
17900      64.41  68.54  163.62  167.20
17980      73.30  75.14  166.62  168.25
18020      62.03  62.84  162.17  164.46
18060      65.20  68.53  148.82  151.93
18140      59.74  61.59  160.89  162.25
18180      60.87  61.94  171.95  176.19
18260      62.69  65.08  170.88  176.65
18300      62.85  65.18  214.96  230.62
18500      53.76  56.66  180.49  182.96
18580      58.47  62.03  147.82  149.95
18660      62.83  64.85  124.96  128.91
18700      59.18  63.86  182.89  192.80
18880      54.64  58.58  145.56  148.44
18980      71.61  74.41  200.56  203.49
19000      61.68  65.63  197.91  202.22
19060      58.31  67.94  129.84  132.05
19100      58.05  59.74  170.68  171.64
19140      66.78  68.42  203.00  204.44
19180      79.50  82.56  164.34  170.76
19220      76.06  78.58  208.37  214.71
19260      80.91  82.56  155.62  158.87
19300      53.08  57.99  143.10  144.37
19340      70.30  73.16  177.11  177.83
19430      69.14  70.64  156.12  157.17
19460      68.40  71.55  185.99  189.59
19500      75.56  77.38  174.84  175.81
19660      55.20  59.08  157.03  159.01
19740      51.70  53.84  132.98  133.81
19780      58.68  61.50  177.33  178.08
19820      59.57  62.33  157.45  158.56
19860      52.51  55.66  197.84  201.55
20020      71.50  73.32  160.59  163.51
20100      81.55  84.86  215.03  218.43
20140      66.58  69.27  184.52  191.21
20180      55.86  58.75  145.46  149.69
20220      61.38  65.18  153.48  157.09
20260      55.85  58.44  161.53  163.94
20420      30.16  31.80  146.59  149.27
20500      66.00  67.69  185.52  186.88
20660      58.21  63.01  140.52  145.54
20700      59.36  64.05  164.14  168.48
20740      57.33  59.78  169.26  171.93
20780      30.54  37.27  131.27  133.52
20820      67.58  69.48  143.48  148.18
20940      75.03  79.08  144.56  148.38
21020      70.80  72.94  133.11  136.25
21060      72.64  76.83  168.24  173.84
21140      63.28  64.73  209.22  211.24
21220      60.78  64.34  182.75  187.74
21300      63.65  65.78  133.77  135.26
21340      61.48  63.67  157.31  159.17
21420      61.90  63.26  149.19  160.91
21500      66.82  69.51  171.59  173.38
21580      59.45  62.83  130.01  136.01
21660      58.66  61.79  181.13  183.45
21700      56.57  59.66  162.47  166.58
21780      62.70  64.78  145.72  147.51
21820      59.51  61.41  168.47  169.41
22020      57.79  60.73  179.17  182.45
22060      64.07  66.03  152.39  154.65
22100      64.04  70.91  155.19  159.90
22140      53.66  57.18  145.94  149.13
22180      77.40  81.27  155.48  157.99
22220      52.66  56.33  170.93  173.86
22300      64.02  65.55  359.25  538.11
22380      45.71  49.33  148.07  150.81
22420      62.46  67.11  146.61  148.79
22500      59.02  62.79  161.18  169.59
22520      63.98  65.87  172.50  174.99
22540      59.52  62.76  182.00  184.36
22660      51.77  53.44  125.02  126.25
22700      73.88  76.92  171.26  174.40
22900      59.78  62.84  158.29  159.79
23060      59.45  60.81  161.41  162.01
23180      60.91  63.42  192.77  197.05
23380      69.25  71.80  170.27  175.00
23420      70.27  72.59  168.59  170.07
23460      65.58  70.04  161.75  167.22
23500      66.74  70.69  144.89  147.45
23540      59.72  61.73  157.63  159.76
23580      71.01  72.18  169.74  170.91
23700      66.87  69.93  109.32  110.51
23780      68.93  72.47  145.29  146.88
23820      34.03  38.31  150.75  157.47
23860      65.20  70.01  134.70  136.39
23900      53.72  56.00  155.57  168.22
23940      53.09  55.14  155.37  156.62
23980      64.99  69.12  160.24  166.02
24020      55.96  60.25  158.52  160.87
24060      38.41  43.77  150.87  152.73
24140      77.25  79.36  155.02  156.86
24180      66.53  67.73  174.20  184.07
24220      59.62  62.89  187.97  189.92
24260      62.08  70.66  185.57  190.54
24300      59.44  63.70  157.05  160.29
24340      58.03  60.44  168.35  170.19
24420      70.47  77.04  203.48  205.43
24500      67.30  70.40  207.48  209.14
24540      58.66  60.01  145.59  147.69
24580      59.14  61.03  157.89  159.69
24620      65.66  68.65  210.79  213.80
24660      57.36  60.85  176.07  180.11
24780      59.82  62.42  167.81  170.05
24860      61.08  63.67  153.49  154.66
24940      69.30  72.76  174.97  178.48
25060      54.37  56.77  143.03  145.73
25180      63.32  65.74  156.90  159.21
25220      68.48  74.72  196.45  199.66
25260      74.79  80.28  170.76  174.93
25420      60.70  63.30  170.49  171.59
25500      62.48  65.82  156.32  158.69
25540      59.99  62.14  161.11  162.42
25620      67.81  68.78  170.22  173.53
25720      38.57  39.77  184.32  186.91
25740      71.62  74.51  210.62  216.30
25840      73.26  75.87  204.82  231.41
25860      65.71  69.22  196.05  197.52
25900      45.66  47.27  198.90  201.10
25940      50.05  54.16  152.57  153.37
25980      65.66  67.38  174.69  183.78
26020      52.06  57.40  140.39  143.34
26090      61.11  66.73  184.29  188.30
26140      55.25  60.04  154.92  159.27
26300      58.83  60.78  147.95  150.36
26380      70.10  71.92  173.67  175.82
26420      56.44  57.95  156.80  158.43
26460      59.14  61.95  135.19  140.20
26580      64.50  67.53  185.95  188.15
26620      73.71  74.73  181.41  182.61
26660      71.32  77.29  153.05  154.21
26740      64.41  66.95  148.09  150.63
26820      58.57  63.20  169.71  171.04
26860      50.18  53.39  168.70  172.31
26900      65.42  67.07  166.56  167.79
26980      60.43  62.51  180.77  187.51
27060      43.35  45.73  169.86  173.54
27100      57.00  58.55  144.14  145.58
27140      64.16  68.90  174.67  179.36
27180      65.19  68.28  156.77  159.10
27220      29.28  31.99  151.06  152.40
27260      55.79  59.16  165.62  167.04
27340      70.97  74.20  149.54  155.13
27460      64.10  69.42  184.32  188.91
27500      66.10  69.48  173.80  177.06
27540      77.05  79.94  158.25  164.13
27600      67.10  72.30  195.76  203.07
27620      71.85  76.64  167.16  169.71
27740      58.77  61.97  161.67  164.84
27780      67.55  69.46  171.90  173.80
27860      41.30  44.93  133.35  136.62
27900      66.88  70.13  152.51  153.99
27940      49.46  54.63  261.41  266.54
27980      31.36  33.94  171.85  182.18
28020      60.60  62.75  156.78  158.91
28060      46.78  51.10  197.03  202.15
28100      61.47  65.16  151.03  154.31
28140      59.57  61.13  159.19  160.80
28180      39.69  40.20  183.70  190.15
28260      68.27  70.45  162.87  164.79
28300      63.59  66.18  182.83  191.64
28420      64.66  66.02  172.51  175.65
28500      66.00  72.73  167.25  169.63
28580      37.77  41.87  140.92  142.36
28620      59.19  62.33  179.19  183.59
28660      64.27  66.06  161.99  166.92
28700      64.68  67.82  165.77  168.62
28740      56.98  59.99  148.41  149.82
28820      70.71  74.97  167.38  170.71
28900      61.72  68.17  215.44  219.55
28940      66.18  68.26  168.53  170.16
29020      73.53  74.85  144.28  146.65
29060      49.27  50.65  179.07  183.80
29100      61.59  63.76  175.42  177.79
29180      62.00  63.68  155.00  158.01
29200      64.71  66.32  157.98  158.98
29300      56.65  59.98  203.31  207.76
29340      67.06  71.12  152.32  153.36
29380      61.81  66.21  155.05  156.94
29420      71.29  74.00  169.51  172.98
29460      63.31  67.03  172.03  173.72
29540      64.87  67.25  160.30  162.38
29620      58.14  61.25  140.53  141.79
29660      58.41  63.96  128.09  132.23
29700      68.14  69.57  170.90  171.53
29740      71.76  74.87  158.44  161.44
29820      52.46  55.14  187.20  188.00
29860      67.13  74.62  167.98  171.79
29940      61.25  65.19  169.27  172.85
30020      79.08  80.67  164.72  168.44
30100      61.03  63.29  167.32  170.50
30140      73.34  76.02  168.95  170.66
30300      54.71  60.46  209.65  212.95
30340      67.46  70.58  191.46  193.58
30460      61.24  62.58  148.06  148.54
30620      63.36  65.61  146.48  148.55
30700      64.23  66.32  163.37  164.56
30780      59.55  62.02  182.91  183.93
30860      62.86  67.00  171.82  177.56
30940      70.60  74.86  134.33  135.82
30980      63.02  68.32  169.44  173.94
31020      64.21  66.91  182.73  189.71
31060      73.00  75.63  246.98  251.17
31080      55.21  56.86  153.68  155.43
31140      67.32  69.06  153.56  155.50
31180      54.89  56.69  140.87  142.55
31260      65.93  68.27  146.12  148.16
31300      69.68  71.39  153.38  154.92
31340      76.13  77.99  156.84  158.89
31420      68.20  71.52  199.97  201.21
31460      80.33  82.87  181.66  184.76
31540      53.63  55.01  147.11  148.07
31580      71.11  73.59  146.55  148.06
31700      58.06  60.10  154.52  157.07
31740      55.85  58.28  139.07  140.15
31820      59.61  60.98  177.38  180.72
31860      54.58  57.87  177.95  182.62
31900      67.03  70.49  180.13  181.94
31930      67.43  69.21  176.98  178.57
31940      81.51  83.68  170.00  173.36
31980      84.76  87.04  170.71  172.96
32020      57.35  63.83  154.03  157.53
32100      74.64  80.36  214.33  218.11
32300      75.20  79.82  170.08  172.06
32380      64.45  67.57  164.46  171.27
32580      62.63  68.14  175.63  177.03
32740      78.52  80.90  213.75  219.14
32780      59.06  62.47  182.01  205.30
32820      62.57  66.76  176.00  178.30
32900      72.00  75.17  152.23  154.92
32940      75.85  77.83  183.21  188.68
33100      49.34  51.40  170.71  173.38
33140      60.31  63.39  183.48  191.06
33220      58.15  61.42  171.34  176.15
33260      47.79  49.71  134.10  136.35
33300      71.51  73.46  144.51  148.79
33340      54.91  57.76  164.24  165.37
33460      56.49  57.97  150.41  151.06
33500      64.38  65.98  192.19  195.06
33540      49.15  51.01  170.35  172.85
33660      70.54  72.75  163.35  164.97
33700      67.04  68.91  165.58  168.80
33740      75.11  76.19  153.55  155.29
33780      66.41  67.57  169.78  172.83
33860      66.11  69.62  174.89  177.39
33980      55.12  60.64  163.07  166.97
34060      46.30  49.33  151.13  153.31
34100      71.28  75.80  168.94  173.96
34180      71.34  72.25  184.61  186.83
34340      51.78  56.46  113.66  116.61
34380      45.39  49.96  130.43  134.63
34420      81.25  84.16  161.37  165.10
34500      78.54  82.57  142.89  148.95
34580      57.39  62.10  194.67  197.86
34620      77.29  80.53  141.32  142.93
34740      65.22  67.35  156.12  158.52
34780      60.60  66.18  140.18  143.20
34820      45.77  51.57  154.68  156.12
34860      64.20  66.29  158.97  161.23
34900      41.15  43.10  147.16  151.54
34940      54.53  57.24  178.45  180.17
34980      55.21  56.95  172.13  180.30
35100      71.72  74.40  150.03  151.26
35260      68.27  71.39  147.47  150.40
35300      69.51  71.54  170.42  172.43
35380      59.12  61.88  152.76  153.95
35420      58.87  61.81  160.92  167.69
35440      50.72  53.24  181.41  191.78
35620      60.34  61.09  154.83  155.32
35660      54.79  58.91  157.74  160.38
35740      77.96  82.25  189.70  196.57
35820      59.21  64.79  265.62  279.24
35840      51.67  57.00  171.21  173.66
35900      75.21  80.01  169.36  172.37
35940      63.82  66.48  147.55  149.88
35980      67.28  69.52  171.27  172.73
36100      57.70  61.26  158.38  160.90
36140      55.15  58.86  145.76  148.38
36220      50.75  52.52  139.81  142.22
36260      65.01  68.47  169.58  170.88
36300      67.77  77.59  163.56  165.90
36420      62.69  63.89  158.95  160.13
36460      65.48  66.44  156.20  162.28
36500      62.03  64.59  169.82  171.13
36540      63.35  64.83  161.45  162.72
36580      58.70  61.90  177.84  186.85
36660      64.61  67.27  179.48  180.68
36700      77.46  80.12  172.32  175.38
36740      51.09  53.29  164.74  166.57
36780      58.18  60.95  153.23  156.21
36837      71.12  73.16  154.56  159.92
36940      59.16  60.53  149.46  153.45
36980      66.79  70.98  167.97  170.69
37060      57.47  61.64  181.03  189.30
37100      56.42  59.26  143.37  144.45
37140      73.42  75.85  148.13  149.94
37260      55.67  69.05  168.50  170.69
37340      62.18  65.48  146.95  148.39
37460      51.59  57.26  139.80  143.44
37580      74.55  79.36  195.53  199.17
37620      54.84  56.77  159.65  161.34
37860      60.90  65.67  150.66  152.03
37900      63.49  65.91  164.81  165.73
37980      61.34  62.27  151.86  156.68
38060      55.74  58.28  212.03  214.82
38220      59.34  69.06  161.33  163.86
38240      66.21  69.21  164.61  167.09
38300      59.87  61.30  148.36  149.02
38340      56.60  58.00  162.93  164.59
38460      54.00  58.17  160.50  163.31
38500      63.32  65.88  197.27  204.89
38540      61.00  65.26  155.74  160.35
38620      69.05  73.94  169.53  172.76
38740      68.30  70.78  194.19  197.30
38820      65.10  68.03  166.32  169.59
38860      54.63  56.20  165.69  166.63
38900      54.21  56.25  174.10  175.19
38940      60.93  64.32  156.56  157.63
39020      69.40  71.43  172.29  175.50
39060      72.11  75.31  153.39  155.03
39100      61.79  64.32  152.88  157.02
39150      58.34  60.84  189.15  190.06
39300      60.65  62.77  161.92  163.07
39340      51.32  53.36  168.41  172.02
39380      78.96  81.29  178.91  182.91
39460      54.15  59.18  182.18  187.99
39500      59.40  62.74  139.27  140.27
39540      68.13  70.57  160.87  161.88
39580      59.18  61.05  164.78  165.95
39660      69.16  71.61  180.99  182.37
39740      60.29  61.84  147.07  149.67
39820      66.68  69.65  168.71  169.87
39860      72.01  73.98  154.50  158.11
39900      56.35  57.25  168.62  170.54
39980      68.09  69.11  150.03  152.02
40060      60.00  61.17  157.06  158.23
40080      55.16  58.72  131.59  135.22
40140      62.73  64.58  167.73  169.24
40220      57.42  60.54  154.66  156.85
40260      74.66  78.88  164.96  168.86
40340      45.85  48.07  137.02  138.42
40380      58.39  61.35  160.16  160.87
40420      64.95  67.86  152.54  153.57
40580      77.31  79.45  165.57  166.11
40620      73.96  78.16  155.40  162.24
40660      64.20  66.55  191.93  201.64
40700      67.45  71.33  181.51  187.29
40740      58.15  62.65  127.58  131.68
40780      62.41  69.63  158.13  165.30
40860      50.87  53.56  152.01  154.37
40900      61.79  64.44  168.83  173.52
40980      60.14  65.39  152.69  156.33
41060      53.63  58.89  143.86  146.08
41100      48.50  55.48  191.91  194.50
41140      76.05  79.71  199.32  202.67
41180      61.77  63.63  152.92  155.28
41220      59.98  65.15  138.48  140.24
41400      75.10  78.37  175.81  177.86
41420      65.87  67.27  165.01  178.00
41460      66.98  70.47  187.15  188.75
41500      62.30  65.05  149.10  151.03
41540      63.96  66.81  158.26  159.40
41620      53.19  55.34  169.79  171.43
41660      53.96  58.16  163.36  167.37
41700      56.51  59.40  164.86  172.32
41740      56.68  58.46  168.72  169.89
41780      43.44  46.76  129.49  131.88
41820      74.67  78.40  201.92  204.06
41860      55.10  56.22  138.31  139.00
41940      56.77  57.87  149.42  151.61
42020      52.38  54.73  154.84  156.67
42100      60.20  63.31  141.64  144.22
42140      41.23  46.96  163.07  167.18
42200      58.86  59.62  144.46  145.14
42220      52.55  55.17  134.85  137.05
42340      54.23  57.58  172.27  175.22
42380      63.32  70.22  173.18  176.66
42540      63.25  65.83  163.93  171.64
42620      45.03  49.03  256.72  263.21
42660      57.11  58.52  153.09  153.75
42680      67.58  70.70  176.64  181.53
42700      60.95  63.24  141.23  143.73
42740      68.72  72.21  164.24  167.04
42860      62.37  67.56  176.66  183.66
42940      39.64  45.33  142.10  143.89
42980      64.55  68.61  133.72  136.07
43060      64.20  68.42  174.42  177.68
43100      62.32  66.93  160.19  161.76
43140      78.09  79.89  190.75  193.25
43300      72.45  75.01  159.20  163.34
43320      60.43  62.25  124.24  127.15
43340      61.93  64.35  144.97  146.07
43380      64.94  69.84  176.11  177.68
43420      65.14  66.85  182.47  199.24
43580      67.80  69.95  173.66  176.43
43620      62.46  64.66  183.62  184.47
43700      69.71  74.19  176.34  178.80
43740      66.79  71.81  175.98  178.33
43760      66.55  68.39  161.25  167.99
43780      62.03  64.39  169.73  170.64
43900      63.62  67.33  152.85  154.76
44060      55.92  58.73  186.60  194.38
44100      61.93  64.10  158.83  160.65
44140      61.43  64.04  150.79  152.09
44180      57.10  59.41  161.12  163.01
44220      68.51  69.66  132.88  134.00
44300      52.70  55.50  126.56  129.03
44340      69.51  73.98  206.19  208.75
44420      68.10  71.74  157.65  160.87
44580      81.12  82.40  173.10  175.36
44620      60.63  63.31  154.21  389.94
44660      61.71  65.82  171.55  175.26
44700      70.22  72.91  164.43  165.93
44780      77.06  80.83  195.27  201.69
44940      76.36  77.33  132.63  133.78
44980      67.56  72.68  209.73  213.46
45060      62.22  64.43  141.31  142.99
45180      76.52  80.76  172.12  186.87
45220      53.51  59.08  187.50  190.00
45300      56.86  60.56  170.14  171.45
45460      69.04  72.56  161.23  165.44
45500      65.46  68.65  148.24  153.57
45540      66.58  71.54  129.60  130.11
45620      78.73  81.19  187.81  189.26
45660      67.88  72.16  170.85  175.42
45700      76.35  78.42  150.97  151.98
45780      64.52  66.44  164.74  168.00
45820      63.43  64.68  153.71  154.86
45860      66.20  68.83  187.13  190.30
45900      46.35  49.90  177.56  181.00
45940      61.97  66.46  163.75  176.51
46020      50.99  52.42  142.86  145.51
46060      58.85  61.57  176.75  179.79
46100      82.26  83.27  175.67  177.49
46140      59.69  60.69  156.55  157.09
46180      53.11  57.47  162.28  164.08
46220      58.51  61.08  164.44  168.80
46300      55.43  59.81  169.13  171.31
46340      56.48  60.38  165.81  168.40
46380      57.01  61.68  176.04  179.05
46520      48.85  50.51  146.93  148.21
46540      58.57  59.94  139.36  142.16
46660      66.60  68.76  158.24  159.79
46700      59.90  63.26  152.55  153.15
46980      59.13  63.10  157.64  159.76
47020      67.58  70.55  160.26  165.82
47220      68.14  71.01  157.57  159.34
47260      61.59  65.21  145.20  146.16
47300      67.88  69.98  167.50  172.64
47380      64.32  66.66  166.59  167.51
47460      62.56  64.00  162.04  180.59
47580      72.29  75.13  185.38  191.49
47660      69.05  73.39  158.17  161.02
47700      46.79  49.24  167.88  171.16
47900      67.14  67.95  136.68  137.46
47920      63.63  66.38  124.31  130.17
47940      64.56  70.84  182.12  184.02
48020      60.04  63.54  166.03  172.96
48060      65.61  69.74  125.21  128.17
48140      58.58  59.89  149.04  150.66
48180      66.18  68.76  167.02  173.25
48260      53.85  56.73  121.52  123.46
48300      50.59  54.07  168.78  170.86
48540      56.35  59.08  147.12  149.46
48580      59.46  63.30  161.01  162.82
48620      60.82  63.53  176.33  179.93
48660      63.54  65.97  142.71  146.05
48700      60.79  63.37  169.03  172.66
48780      36.80  42.75  156.53  159.21
48820      68.52  70.62  159.30  161.47
48900      59.32  62.71  162.54  164.09
48940      70.36  73.97  143.24  146.83
48980      80.77  82.50  164.46  183.95
49020      59.11  60.86  138.57  140.28
49100      53.48  56.75  176.79  178.02
49180      63.35  65.65  156.92  158.94
49220      70.11  73.00  171.54  178.43
49300      55.31  59.85  182.86  184.95
49340      68.86  71.00  165.60  167.71
49420      63.82  65.81  162.56  163.85
49620      65.64  66.56  157.44  163.22
49660      65.80  67.41  163.46  165.49
49700      64.93  76.73  170.17  172.47
49740      67.97  73.19  163.39  166.20
49780      71.36  77.91  157.53  161.14
    10 most extreme indeed_job_postings_index values:
      date  cbsa_code  indeed_job_postings_index   z
2025-07-11      22300                     538.11 9.8
2025-07-10      22300                     532.12 9.7
2025-07-09      22300                     526.09 9.5
2025-02-24      44620                     389.94 9.4
2025-02-23      44620                     389.66 9.4
2025-02-22      44620                     389.39 9.4
2025-02-21      44620                     388.72 9.4
2025-02-20      44620                     388.27 9.4
2025-07-08      22300                     519.42 9.4
2025-02-19      44620                     387.68 9.4
  range check (indeed_job_postings_index outside [0, 500] -- Feb2020=100 index): 6 rows flagged

=== indeed_state.csv (state_job_postings_us.csv) ===

--- cleaning pass: state ---
  missing values:
    none
  date gaps: 0 missing D steps across 0 of 51 series (a missing month/day here is distinct from a null value in a present row)
  duplicates: 0 exact duplicate rows dropped; 0 keys have conflicting values across rows (NOT dropped, needs a decision)
  outliers (indeed_job_postings_index): 227 rows flagged across 51 series (|z|>3 computed per series, not pooled)
    per-series min/p1/p99/max:
         min     p1     p99     max
state                              
ak     64.12  65.94  189.07  190.46
al     66.36  67.89  159.83  160.96
ar     59.89  61.90  166.52  167.62
az     57.65  59.93  202.96  204.55
ca     59.63  61.15  153.80  154.56
co     54.66  56.40  134.58  135.95
ct     62.51  64.48  163.76  165.94
dc     63.75  64.76  138.50  139.08
de     64.43  66.07  170.75  171.78
fl     54.95  57.94  164.47  165.59
ga     61.02  63.20  176.27  177.50
hi     46.05  47.28  154.30  156.75
ia     66.27  67.98  171.04  173.16
id     59.59  62.46  187.00  187.96
il     59.62  60.31  154.09  157.72
in     59.55  60.77  142.90  144.09
ks     62.76  64.06  156.35  157.35
ky     68.64  70.26  154.01  154.80
la     64.03  66.11  149.79  152.31
ma     56.15  58.41  154.63  155.58
md     68.93  70.08  143.99  144.86
me     60.14  63.27  174.96  176.15
mi     60.88  63.41  158.84  160.00
mn     57.96  59.48  153.84  154.75
mo     64.63  65.94  157.21  157.95
ms     62.16  64.70  156.47  158.17
mt     60.29  62.37  179.22  181.44
nc     62.78  64.84  165.89  166.44
nd     59.60  61.52  177.73  178.84
ne     68.02  69.57  166.58  167.48
nh     57.37  58.71  158.76  160.95
nj     62.75  63.56  151.30  152.94
nm     57.80  61.35  151.56  152.72
nv     54.47  57.18  180.94  181.80
ny     60.25  60.93  154.65  155.66
oh     63.14  64.60  157.43  158.12
ok     63.68  65.13  154.64  155.85
or     56.59  58.40  174.02  175.31
pa     62.03  63.58  153.96  155.21
ri     60.04  61.61  169.62  171.96
sc     60.60  63.90  157.67  158.54
sd     68.99  71.15  181.20  182.53
tn     62.66  64.58  167.20  169.73
tx     59.19  60.78  163.70  164.87
ut     55.35  57.45  170.52  171.97
va     65.47  66.96  141.91  142.73
vt     53.57  54.78  165.25  166.77
wa     59.24  60.84  157.76  158.45
wi     58.74  60.79  159.66  160.58
wv     61.97  63.55  156.17  158.46
wy     62.56  65.03  151.68  153.43
    10 most extreme indeed_job_postings_index values:
      date state  indeed_job_postings_index    z
2020-04-29    ms                      62.16 -3.5
2020-04-30    ms                      62.24 -3.5
2020-05-01    ms                      62.29 -3.5
2020-04-28    ms                      62.37 -3.5
2020-05-02    ms                      62.45 -3.5
2020-05-08    ms                      62.47 -3.5
2020-05-09    ms                      62.49 -3.5
2020-05-07    ms                      62.57 -3.5
2020-05-10    ms                      62.64 -3.5
2020-05-03    ms                      62.65 -3.5
  range check (indeed_job_postings_index outside [0, 500] -- Feb2020=100 index): 0 rows flagged

NORMALISATION applied to every file above: snake_case columns, stripped string whitespace, 'date' as the sole date column name/dtype (datetime64[ns] before CSV write), year/quarter added for later aggregation.
